# Randomly generated fake instruments for testing.
# These resemble real PANs (but are hopefully not real most of the time as storing real PANs, even in staging, has compliance concerns).
# Failed links can be forced through using the relink functionality on the Franklin admin customer page.
# You may need to allowlist your fake card number in PanFake.

Australia Visa Debit cards
4434 4600 9841 9884
4434 4600 9067 2662
4434 4600 9755 6363
4434 4600 9843 0816
4434 4600 9849 1362
Canada Visa Debit cards
4724 0900 9339 5422
4724 0900 9642 5713
4724 0900 9735 7444
4724 0900 9738 6468
4724 0900 9855 4932
Canada Mastercard Debit cards
5510 2920 7647 0116
5510 2912 5295 4430
5510 2915 4077 1877
5510 2909 6271 7970
5510 2911 3597 5891
Ireland Visa Debit cards
4319 3114 1152 9125
4319 3115 5685 6515
4319 3111 3557 4662
4319 3105 7160 1021
4319 3112 4126 8571
4319 3108 1471 5281
4319 3120 3540 8605
4319 3100 3914 7203
4319 3110 2013 0141
4319 3110 1922 6157
Ireland Visa Credit cards
4940 5105 4761 1072
4940 5103 3256 6283
4940 5100 9528 3530
4940 5121 3678 4468
4940 5113 7819 8551
4940 5110 5299 2568
4940 5114 2347 8719
4940 5104 2913 5166
4940 5118 3664 2745
4940 5109 1979 3003
Ireland Mastercard Debit cards
5373 4817 1699 8182
5373 4813 4358 2995
5373 4803 2262 0099
5373 4819 4798 6154
5373 4803 7196 2186
Ireland Mastercard Credit cards
5102 1313 1304 8828
5102 1316 9949 6716
5102 1312 3902 4002
5102 1307 8719 6436
5102 1320 5478 4738
United Kingdom Visa Debit cards
4818 1800 9258 0145
4818 1800 9190 9899
4818 1800 9653 4189
4818 1800 9197 2509
4818 1800 9181 3190
United Kingdom Instant Debit cards
4596 0012 5841 0901
4596 0012 5462 9256
4596 0012 5661 2474
4596 0012 5363 1659
4596 0012 5599 1770
4596 0012 5692 7609
4596 0012 5504 5320
4596 0012 5822 6778
4596 0012 5709 1884
4596 0012 5169 2877
United States Amex cards
3710 398421 80779
3710 396236 90681
3710 394127 00014
3710 392261 63813
3710 393203 74183
United States Mastercard Debit cards
5262 2403 4041 6019
5262 2421 1381 3703
5262 2410 0664 4134
5262 2404 4323 7296
5262 2408 7984 6198
United States Visa Credit cards
4037 1808 6953 7349
4037 1806 6135 8985
4037 1800 1379 9308
4037 1801 0660 0199
4037 1819 8791 9278
United States Visa Debit cards
4013 4912 6427 6963
4013 4911 2258 5035
4013 4915 7813 0179
4013 4902 4389 1520
4013 4917 8105 2335
United States Visa Debit card failing risk
4013 4911 3067 3666
United States Visa Instant Debit cards
4342 5717 7020 5689
4342 5711 5960 6598
4342 5705 8967 2717
4342 5707 9837 7462
4342 5706 0155 4208
United States Bank Accounts
026009687 111111111111
021582866 888888
021201600 111111
021301089 444444444
021310591 888888
011400039 99999999999
021001318 00000000000
021202311 00000000000
026002752 77777777777
026010605 66666666
